512508 410
513210 339
514232 312
514928 325
515151 353
515233 455
515289 152
515762 247
515843 409
516135 293
516417 293
516517 347
1001335 304
1001444 392
1001636 304
1001877 361
1001918 358
1002013 262
1002242 389
1002281 262
1002422 287
1002648 298
1002655 328
1003016 274
1003158 318
2001299 349
2001521 304
2001541 332
2004828 256
2005036 363
2005133 365
2008165 302
2016938 266
509907 366
509921 301
509969 298
509997 324
510196 264
510275 310
510401 269
510410 269
510422 240
510457 291
510500 399
510688 308
510734 207
510849 284
510881 290
510910 240
510918 233
510999 318
511250 166
511447 264
511512 403
511665 237
511862 184
513033 345
513058 196
513324 230
513762 425
513935 362
513969 271
514007 315
514819 210
