514928 1 1 1 0
515151 1 1 0 1 1
515233 0 1 0 0 1
515289 1
515762 0 1
515843 1 1 1 1
516135 0
516417 1 1 0
516517 0 0
1001335 1
1001444 1 1 1 1 1
1001636 0 1 1 0
1001877 0 1 0 0 1
1001918 1 0 0
1002013 0 1 0
1002242 0 1 1
1002281 1 1 0
1002422 1 1 0
1002648 1 0 1
1002655 1 1 1 0
1003016 0 1
1003158 1 1 1 1 1 0
2001299 1 0 0 0
2001521 0 0 1
2001541 1 1 1 1
2004828 0 1
2005036 0 1 0
2005133 1 0 1 1
2008165 0 1 0
2016938 1 1
512508 0 1 1 0
513210 0 1 1 1
514232 0
509907 0 0 1 0 0
509921 1 0 1 0
509969 1 1
509997 0 1 1 1
510196 0 0 1
510275 1 1 0
510401 1 0
510410 1
510422 1 0
510457 0 1 1
510500 1 1 1
510688 1 0 0
510734 1 0
510849 1 1
510881 0 1 1
510910 1
510918 1
510999 1 1
511250 0
511447 1
511512 1 1 0 0 0
511665 0
511862 1 1
513033 1 1
513058 1
513324 0 1
513762 1 1 1 1 1
513935 1 1 1 0 1
513969 0 1 1
514007 0 0 1
514819 1
