509907 30
509921 29
509969 26
509997 17
510196 25
510275 10
510401 28
510410 8
510422 28
510457 19
510500 10
510688 30
510734 27
510849 10
510881 19
510910 17
510918 23
510999 12
511250 16
511447 24
511512 11
511665 27
511862 3
512508 19
513033 19
513058 16
513210 9
513324 18
513762 22
513935 26
513969 1
514007 14
514232 10
514819 28
514928 21
515151 23
515233 30
515289 30
515762 4
515843 18
516135 30
516417 22
516517 28
1001335 4
1001444 3
1001636 2
1001877 29
1001918 27
1002013 21
1002242 27
1002281 19
1002422 27
1002648 30
1002655 27
1003016 30
1003158 18
2001299 13
2001521 4
2001541 30
2002040 22
2004828 7
2005036 30
2005133 1
2008165 11
2016938 26
