514928 4 4 4 2 5 4 5 4 5 4 4
515151 5 4 5 5 5 4 6 4 4 4 4 5
515233 5 4 5 4 4 4 4 5 2 3 4 3 2 4 5
515289 4 4 3 5 2
515762 6 3 6 6 5 5 6 5 4
515843 4 4 5 6 5 5 5 5 4 4 5 5 6 6
516135 6 6 5 4 4 5 5 5 5
516417 5 4 4 4 4 5 5 5 6 5
516517 4 4 4 3 3 3 4 4 4 3 4
1001335 4 5 4 4 4 3 5 3 5 6 4
1001444 4 4 4 4 4 4 4 3 4 4 4 4 4 4
1001636 5 5 6 5 5 5 6 5 5 6 4
1001877 5 4 4 4 5 5 4 4 4 5 5 5
1001918 5 5 4 5 4 4 4 4 4 4 5
1002013 5 5 4 4 5 4 5 3 3
1002242 4 4 4 4 3 3 4 5 4 3 4 4 4
1002281 5 6 4 5 4 4 4 5 4
1002422 4 4 4 4 4 3 4 2 5 3
1002648 6 5 5 5 5 4 6 5 4 4
1002655 5 4 4 3 3 4 3 4 3 4
1003016 5 5 5 4 5 4 4 4 4 4
1003158 4 3 3 5 3 3 3 4 2 3 3
2001299 5 4 4 4 5 5 4 4 4 4 5 4
2001521 5 4 4 4 4 4 4 4 4 5 3
2001541 4 4 5 4 5 2 4 4 4 5 4
2004828 4 4 4 4 4 4 6 6 5
2005036 4 4 4 4 6 5 5 5 5 6
2005133 4 4 4 4 4 5 4 4 4 4 4 4 2
2008165 4 4 4 4 4 5 4 4 4 4
2016938 4 4 4 4 5 4 4 4 4
509907 4 4 4 4 4 2 3 3 2 3 4 4 4
509921 4 4 4 4 4 4 4 4 4 4
509969 4 5 5 4 5 5 6 5 5 6
509997 5 3 4 4 5 4 4 4 4 5 3
510196 4 4 4 5 4 3 4 5 5
510275 5 4 4 4 5 5 5 5 3 3 4
510401 5 5 4 4 5 4 4 4 4
510410 3 4 4 4 5 4 4
510422 6 5 6 5 6 5 5 5
510457 5 4 4 5 5 5 4 6 5 5
510500 4 3 5 5 5 5 6 5 5 6 4 5 5 4
510688 5 6 4 4 5 4 4 3 4 4
510734 5 5 4 5 5 5 4
510849 5 4 4 4 4 3 5 4 6 5
510881 5 4 5 4 6 4 5 5 6 4
510910 5 4 4 4 4 4 4 5
510918 4 5 5 5 4 4 4 4
510999 7 5 5 6 5 6 6 6 7 6 4
511250 5 5 5 5 4 4
511447 6 4 5 5 4 5 4 5 6
511512 4 4 4 3 4 3 4 4 3 3 4 3 4 3
511665 5 5 4 3 4 4 4 4
511862 6 4 4 4 4 3 1
513033 3 3 3 2 4 3 3 3 3 3 2 3
513058 4 4 4 2 4 4 3
513324 3 3 3 4 3 3 4 4
513762 4 4 3 4 3 4 4 3 3 3 3 3 4 4
513935 3 5 4 4 4 4 3 3 4 4 3 3
513969 4 4 4 3 4 3 3 3 5 1
514007 5 5 4 5 4 4 5 5 6 5 5
514819 4 4 3 4 3 5 2
512508 5 5 5 4 4 4 5 4 4 5 4 4 4 5
513210 5 5 5 5 4 5 5 5 5 5 5 5
514232 2 3 4 5 4 3 2 3 5 3 2
