509907 4 4 4 4 4 2 3 3 2 3 4 4 4
509921 4 4 4 4 4 4 4 4 4 4
509969 4 5 5 4 5 5 6 5 5 6
509997 5 3 4 4 5 4 4 4 4 5 3
510196 4 4 4 5 4 3 4 5 5
510275 5 4 4 4 5 5 5 5 3 3 4
510401 5 5 4 4 5 4 4 4 4
510410 3 4 4 4 5 4 4
510422 6 5 6 5 6 5 5 5
510457 5 4 4 5 5 5 4 6 5 5
510500 4 3 5 5 5 5 6 5 5 6 4 5 5 4
510688 5 6 4 4 5 4 4 3 4 4
510734 5 5 4 5 5 5 4
510849 5 4 4 4 4 3 5 4 6 5
510881 5 4 5 4 6 4 5 5 6 4
510910 5 4 4 4 4 4 4 5
510918 4 5 5 5 4 4 4 4
510999 7 5 5 6 5 6 6 6 7 6 4
511250 5 5 5 5 4 4
511447 6 4 5 5 4 5 4 5 6
511512 4 4 4 3 4 3 4 4 3 3 4 3 4 3
511665 5 5 4 3 4 4 4 4
511862 6 4 4 4 4 3 1
513033 3 3 3 2 4 3 3 3 3 3 2 3
513058 4 4 4 2 4 4 3
513324 3 3 3 4 3 3 4 4
513762 4 4 3 4 3 4 4 3 3 3 3 3 4 4
513935 3 5 4 4 4 4 3 3 4 4 3 3
513969 4 4 4 3 4 3 3 3 5 1
514007 5 5 4 5 4 4 5 5 6 5 5
514819 4 4 3 4 3 5 2
