514928 1 1 1 2
515151 1 1 2 5 5
515233 2 5 5 5 5
515289 1
515762 3 1
515843 1 1 1 1
516135 4
516417 1 1 4
516517 4 3
1001335 1
1001444 1 1 1 1 1
1001636 2 5 5 5
1001877 4 1 3 2 5
1001918 1 4 4
1002013 2 5 5
1002242 2 5 5
1002281 1 1 2
1002422 1 1 1
1002648 4 4 2
1002655 1 1 1 4
1003016 4 4
1003158 1 1 1 1 1 3
2001299 1 2 5 5
2001521 2 5 5
2001541 1 1 1 1
2004828 2 5
2005036 3 1 4
2005133 1 4 1 1
2008165 4 1 3
2016938 1 1
512508 3 1 1 2
513210 2 1 1 1
514232 4
509907 3 2 5 5 5
509921 1 3 1 4
509969 1 1
509997 2 5 5 5
510196 3 4 1
510275 1 1 3
510401 1 4
510410 1
510422 1 4
510457 2 5 5
510500 1 1 1
510688 1 4 4
510734 1 2
510849 1 1
510881 3 1 1
510910 1
510918 1
510999 1 1
511250 2
511447 1
511512 1 1 3 2 5
511665 4
511862 1 1
513033 1 1
513058 1
513324 3 1
513762 1 1 1 1 1
513935 1 1 1 3 1
513969 4 1 1
514007 4 4 1
514819 1
